time	bpm	respiration
0.0	443	316
0.1	456	178
0.2	778	88
0.3	485	46
0.4	273	24
0.5	470	19
0.6	400	45
0.7	358	38
0.8	386	119
0.9	403	327
1.0	748	455
1.1	945	645
1.2	377	803
1.3	371	908
1.4	511	964
1.5	381	992
1.6	379	1005
1.7	756	1004
1.8	945	1014
1.9	296	1019
2.0	409	1020
2.1	507	1019
2.2	591	1019
2.3	677	1020
2.4	273	1019
2.5	414	978
2.6	446	945
2.7	359	828
2.8	354	787
2.9	373	868
3.0	372	954
3.1	377	992
3.2	369	1010
3.3	845	1017
3.4	667	1020
3.5	244	1020
3.6	435	1012
3.7	474	947
3.8	395	890
3.9	391	880
4.0	694	871
4.1	722	851
4.2	344	829
4.3	436	781
4.4	515	732
4.5	439	721
4.6	510	723
4.7	840	724
4.8	458	690
4.9	380	624
5.0	559	536
5.1	470	450
5.2	440	333
5.3	946	188
5.4	787	109
5.5	376	69
5.6	587	182
5.7	511	353
5.8	427	483
5.9	946	548
6.0	946	568
6.1	414	546
6.2	441	515
6.3	491	531
6.4	373	551
6.5	534	572
6.6	946	613
6.7	655	681
6.8	230	751
6.9	496	810
7.0	341	874
7.1	320	917
7.2	414	934
7.3	946	937
7.4	661	957
7.5	199	990
7.6	507	1006
7.7	371	1006
7.8	320	1005
7.9	368	1015
8.0	384	1019
8.1	939	903
8.2	525	633
8.3	231	515
8.4	501	662
8.5	399	793
8.6	326	906
8.7	372	966
8.8	396	996
8.9	642	1009
9.0	582	1017
9.1	274	1020
9.2	406	1018
9.3	425	953
9.4	362	876
9.5	354	834
9.6	541	798
9.7	622	774
9.8	344	759
9.9	426	759
10.0	476	733
10.1	409	678
10.2	414	609
10.3	716	548
10.4	558	425
10.5	387	301
10.6	519	174
10.7	483	96
10.8	433	50
10.9	484	32
11.0	869	18
11.1	551	9
11.2	425	9
11.3	543	22
11.4	420	38
11.5	358	73
11.6	476	236
11.7	911	442
11.8	534	664
11.9	444	833
12.0	567	924
12.1	458	971
12.2	414	990
12.3	451	993
12.4	737	1004
12.5	845	990
12.6	412	1004
12.7	545	1014
12.8	572	1019
12.9	438	1017
13.0	440	974
13.1	476	939
13.2	616	949
13.3	946	952
13.4	448	958
13.5	436	973
13.6	593	989
13.7	422	999
13.8	383	854
13.9	412	512
14.0	428	284
14.1	859	297
14.2	626	418
14.3	293	527
14.4	542	743
14.5	507	878
14.6	381	949
14.7	419	977
14.8	454	973
14.9	864	975
15.0	670	954
15.1	308	903
15.2	514	858
15.3	524	801
15.4	406	745
15.5	422	747
15.6	806	710
15.7	779	524
15.8	324	338
15.9	503	222
16.0	535	163
16.1	387	168
16.2	408	155
16.3	946	106
16.4	756	149
16.5	244	167
16.6	544	212
16.7	468	265
16.8	358	300
16.9	636	312
17.0	946	353
17.1	368	422
17.2	309	465
17.3	549	531
17.4	362	575
17.5	382	607
17.6	946	647
17.7	946	710
17.8	153	723
17.9	473	734
18.0	494	815
18.1	334	914
18.2	400	964
18.3	940	993
18.4	946	1008
18.5	216	1016
18.6	488	1007
18.7	581	957
18.8	356	902
18.9	390	880
19.0	925	833
19.1	946	740
19.2	184	655
19.3	468	576
19.4	542	426
19.5	325	293
19.6	394	164
19.7	946	90
19.8	638	45
19.9	125	27
20.0	593	19
20.1	393	11
20.2	285	6
20.3	758	5
20.4	946	24
20.5	301	178
20.6	291	388
20.7	557	576
20.8	294	780
20.9	323	895
21.0	946	956
21.1	946	988
21.2	146	1005
21.3	497	1013
21.4	499	999
21.5	266	962
21.6	380	916
21.7	647	889
21.8	946	878
21.9	409	881
22.0	256	872
22.1	606	859
22.2	286	839
22.3	299	824
22.4	424	825
22.5	802	864
22.6	946	781
22.7	206	486
22.8	285	250
22.9	605	239
23.0	279	472
23.1	309	672
23.2	425	829
23.3	645	923
23.4	946	972
23.5	542	996
23.6	220	1009
23.7	673	1005
23.8	356	956
23.9	326	854
24.0	448	783
24.1	946	719
24.2	946	684
24.3	116	672
24.4	582	634
24.5	517	606
24.6	317	566
24.7	434	507
24.8	946	329
24.9	703	190
25.0	128	105
25.1	646	66
25.2	423	63
25.3	330	108
25.4	883	156
25.5	947	257
25.6	280	324
25.7	370	458
25.8	569	574
25.9	295	623
26.0	406	660
26.1	947	715
26.2	726	698
26.3	140	731
26.4	652	739
26.5	384	682
26.6	344	455
26.7	841	465
26.8	946	566
26.9	167	643
27.0	415	700
27.1	591	702
27.2	280	813
27.3	318	896
27.4	946	595
27.5	802	301
27.6	16	154
27.7	580	76
27.8	455	38
27.9	274	19
28.0	946	12
28.1	524	4
28.2	131	236
28.3	612	316
28.4	388	639
28.5	319	821
28.6	434	916
28.7	479	968
28.8	946	995
28.9	864	1008
29.0	86	1016
29.1	684	1019
29.2	408	1020
29.3	276	1020
29.4	444	1020
29.5	947	1020
29.6	626	1020
29.7	104	1002
29.8	681	1006
29.9	407	1014
30.0	724	1020
30.1	399	1020
30.2	222	1020
30.3	613	1020
30.4	404	1020
30.5	352	1020
30.6	428	1020
30.7	444	1020
30.8	448	1020
30.9	947	1020
31.0	946	1020
31.1	145	1020
31.2	672	1020
31.3	449	1020
31.4	269	1020
31.5	435	1020
31.6	908	984
31.7	947	881
31.8	160	790
31.9	441	599
32.0	609	335
32.1	268	175
32.2	360	90
32.3	525	44
32.4	947	23
32.5	581	13
32.6	173	7
32.7	709	3
32.8	343	1
32.9	306	0
33.0	447	0
33.1	947	3
33.2	850	0
33.3	84	0
33.4	683	0
33.5	412	0
33.6	266	0
33.7	440	0
33.8	826	0
33.9	947	0
34.0	198	0
34.1	446	0
34.2	569	0
34.3	252	0
34.4	379	0
34.5	463	0
34.6	947	0
34.7	947	0
34.8	110	0
34.9	587	0
35.0	457	0
35.1	246	0
35.2	413	0
35.3	452	0
35.4	797	0
35.5	947	0
35.6	235	9
35.7	460	7
35.8	536	54
35.9	248	155
36.0	377	384
36.1	463	536
36.2	546	675
36.3	947	836
36.4	458	925
36.5	292	972
36.6	628	997
36.7	269	991
36.8	344	919
36.9	469	897
37.0	436	935
37.1	947	983
37.2	708	1005
37.3	182	1012
37.4	663	1014
37.5	313	1019
37.6	276	1020
37.7	439	1020
37.8	418	1020
37.9	947	1020
38.0	946	1020
38.1	96	1020
38.2	614	1020
38.3	420	1020
38.4	246	1019
38.5	408	1010
38.6	453	1009
38.7	537	1018
38.8	947	1006
38.9	487	1016
39.0	257	1020
39.1	648	1020
39.2	273	1020
39.3	318	1020
39.4	453	1020
39.5	415	1020
39.6	947	1019
39.7	946	1020
39.8	94	1020
39.9	654	1020
40.0	394	1017
40.1	274	938
40.2	441	989
40.3	447	1009
40.4	947	998
40.5	947	784
40.6	157	487
40.7	546	251
40.8	521	129
40.9	230	67
41.0	391	33
41.1	462	17
41.2	906	11
41.3	947	4
41.4	143	2
41.5	521	0
41.6	543	0
41.7	241	0
41.8	392	0
41.9	452	0
42.0	947	0
42.1	930	0
42.2	96	0
42.3	659	0
42.4	410	0
42.5	258	0
42.6	449	0
42.7	483	0
42.8	947	0
42.9	638	2
43.0	186	15
43.1	690	43
43.2	316	81
43.3	307	34
43.4	461	13
43.5	534	5
43.6	947	0
43.7	481	0
43.8	264	0
43.9	662	0
44.0	270	7
44.1	319	38
44.2	465	19
44.3	682	24
44.4	947	70
44.5	274	289
44.6	398	561
44.7	600	781
44.8	248	895
44.9	367	956
45.0	449	988
45.1	947	1005
45.2	947	1014
45.3	73	1018
45.4	611	1020
45.5	447	1020
45.6	249	1020
45.7	422	1020
45.8	481	1020
45.9	947	1020
46.0	479	1008
46.1	201	971
46.2	676	969
46.3	299	1002
46.4	319	1015
46.5	471	1012
46.6	819	1018
46.7	947	1016
46.8	146	1020
46.9	526	1020
47.0	537	1020
47.1	259	1020
47.2	423	1020
47.3	465	1020
47.4	947	954
47.5	849	995
47.6	127	1012
47.7	696	1019
47.8	387	973
47.9	297	768
48.0	468	513
48.1	481	267
48.2	947	136
48.3	507	69
48.4	258	36
48.5	683	18
48.6	283	9
48.7	331	6
48.8	465	1
48.9	947	0
49.0	947	0
49.1	124	6
49.2	626	0
49.3	485	3
49.4	271	7
49.5	436	0
49.6	757	0
49.7	947	0
49.8	218	7
49.9	474	0
50.0	563	0
50.1	267	0
50.2	838	0
50.3	271	0
50.4	349	0
50.5	576	0
50.6	323	0
50.7	373	13
50.8	454	91
50.9	425	47
51.0	409	36
51.1	947	33
51.2	947	89
51.3	338	295
51.4	615	556
51.5	400	772
51.6	269	891
51.7	465	954
51.8	739	988
51.9	947	1005
52.0	182	1014
52.1	477	1018
52.2	574	1020
52.3	248	1020
52.4	403	1020
52.5	510	1018
52.6	947	1020
52.7	602	1020
52.8	270	1020
52.9	670	1019
53.0	286	1011
53.1	369	966
53.2	467	973
53.3	947	984
53.4	947	1000
53.5	180	1015
53.6	618	1018
53.7	403	1019
53.8	298	1020
53.9	484	1020
54.0	751	1020
54.1	947	1000
54.2	215	994
54.3	561	1011
54.4	454	1019
54.5	257	1020
54.6	428	875
54.7	569	883
54.8	946	863
54.9	378	688
55.0	156	369
55.1	132	219
55.2	0	377
55.3	0	693
55.4	0	784
55.5	0	596
55.6	376	333
55.7	512	171
55.8	236	87
55.9	420	43
56.0	287	21
56.1	364	12
56.2	500	4
56.3	645	3
56.4	946	0
56.5	947	0
56.6	946	47
56.7	947	93
56.8	535	87
56.9	414	37
57.0	583	47
57.1	524	21
57.2	947	10
57.3	947	2
57.4	406	0
57.5	597	0
57.6	366	0
57.7	367	0
57.8	487	0
57.9	431	5
58.0	947	0
58.1	947	0
58.2	261	104
58.3	603	299
58.4	351	453
58.5	326	463
58.6	465	436
58.7	444	509
58.8	947	687
58.9	750	844
59.0	261	929
59.1	611	974
59.2	358	996
59.3	342	1009
59.4	458	1016
59.5	450	1019
59.6	947	1020
59.7	566	1020
59.8	273	1020
59.9	611	1020
60.0	326	1020
60.1	336	1020
60.2	454	1020
60.3	477	1020
60.4	947	1020
60.5	462	1020
60.6	281	1020
60.7	627	1020
60.8	324	1020
60.9	340	1010
61.0	457	1016
61.1	682	1020
61.2	947	1011
61.3	247	1018
61.4	445	1000
61.5	574	1008
61.6	287	1009
61.7	393	988
61.8	482	953
61.9	947	936
62.0	633	935
62.1	198	944
62.2	639	924
62.3	369	920
62.4	324	914
62.5	447	892
62.6	947	910
62.7	871	939
62.8	148	954
62.9	588	907
63.0	445	903
63.1	359	930
63.2	798	974
63.3	207	999
63.4	464	1003
63.5	509	1000
63.6	334	938
63.7	403	652
63.8	457	376
63.9	423	248
64.0	419	233
64.1	947	278
64.2	947	334
64.3	194	412
64.4	679	471
64.5	384	521
64.6	299	560
64.7	468	596
64.8	662	632
64.9	947	691
65.0	216	758
65.1	470	795
65.2	575	819
65.3	282	906
65.4	413	963
65.5	733	686
65.6	947	351
65.7	230	181
65.8	502	92
65.9	556	45
66.0	297	69
66.1	428	310
66.2	947	292
66.3	730	132
66.4	230	63
66.5	665	30
66.6	382	20
66.7	350	9
66.8	945	5
66.9	914	0
67.0	175	0
67.1	598	0
67.2	419	0
67.3	332	0
67.4	519	0
67.5	947	0
67.6	404	3
67.7	387	105
67.8	557	44
67.9	295	23
68.0	433	183
68.1	500	355
68.2	947	593
68.3	547	792
68.4	328	901
68.5	560	955
68.6	292	986
68.7	396	1004
68.8	430	1014
68.9	947	1017
69.0	668	1011
69.1	255	989
69.2	591	984
69.3	313	1009
69.4	332	1016
69.5	453	1001
69.6	381	1011
69.7	947	1018
69.8	599	1020
69.9	280	1020
70.0	536	1020
70.1	296	1020
70.2	343	1020
70.3	444	1020
70.4	403	1020
70.5	815	936
70.6	947	591
70.7	243	306
70.8	490	158
70.9	451	81
71.0	316	40
71.1	457	19
71.2	446	12
71.3	465	11
71.4	947	16
71.5	490	7
71.6	342	3
71.7	562	0
71.8	309	0
71.9	399	0
72.0	473	0
72.1	386	6
72.2	939	115
72.3	947	235
72.4	251	569
72.5	585	785
72.6	431	898
72.7	300	958
72.8	447	990
72.9	447	945
73.0	391	930
73.1	947	952
73.2	646	961
73.3	252	990
73.4	635	1007
73.5	337	1016
73.6	367	1019
73.7	490	1020
73.8	427	1020
73.9	620	1020
74.0	947	1020
74.1	297	796
74.2	447	414
74.3	573	215
74.4	229	111
74.5	500	56
74.6	390	62
74.7	279	273
74.8	0	458
74.9	192	374
75.0	0	199
75.1	0	97
75.2	0	47
75.3	0	23
75.4	159	11
75.5	335	5
75.6	560	0
75.7	946	0
75.8	335	0
75.9	345	0
76.0	462	0
76.1	215	0
76.2	289	0
76.3	406	0
76.4	946	28
76.5	946	16
76.6	217	57
76.7	647	29
76.8	395	109
76.9	256	212
77.0	407	287
77.1	946	446
77.2	946	599
77.3	228	461
77.4	582	227
77.5	412	124
77.6	260	113
77.7	420	54
77.8	946	26
77.9	946	71
78.0	287	508
78.1	594	756
78.2	361	882
78.3	270	949
78.4	447	985
78.5	946	1004
78.6	946	1013
78.7	332	1018
78.8	557	1020
78.9	344	1020
79.0	269	1020
79.1	483	1020
79.2	947	1020
79.3	946	1020
79.4	248	1020
79.5	527	1004
79.6	291	962
79.7	263	957
79.8	388	989
79.9	947	1010
80.0	947	1018
80.1	712	1001
80.2	368	1005
80.3	361	1017
80.4	222	1020
80.5	352	1020
80.6	372	924
80.7	843	716
80.8	947	530
80.9	946	308
81.0	303	160
81.1	391	82
81.2	229	41
81.3	304	20
81.4	362	11
81.5	312	4
81.6	946	0
81.7	947	0
81.8	694	0
81.9	334	0
82.0	371	0
82.1	213	0
82.2	315	0
82.3	374	0
82.4	308	0
82.5	947	0
82.6	947	202
82.7	671	403
82.8	384	677
82.9	396	840
83.0	224	927
83.1	335	973
